295 1 1 0 0 0 18 1 85 1
413 2 1 0 0 0 16 0 77 1
559 1 1 1 0 0 16 1 79 1
619 1 1 0 0 0 12 1 78 3
685 2 1 0 0 0 16 1 90 1
729 2 1 0 0 0 16 1 65 2
782 1 1 0 0 0 16 1 82 2
816 1 1 0 0 0 20 1 71 3
938 2 1 0 0 0 16 1 82 3
954 2 1 0 0 0 14 1 69 2
955 2 1 0 0 0 16 1 78 3
1018 2 1 0 0 0 13 1 71 3
1070 1 1 0 0 0 14 1 74 2
1155 1 1 0 0 0 20 1 58 2
1261 2 1 0 0 0 16 1 72 1
1268 1 1 0 0 0 20 1 83 2
1280 2 1 0 0 0 14 1 71 1
907 2 1 1 0 0 20 1 88 1
908 2 1 0 0 0 16 1 63 2
931 2 1 1 0 0 14 1 86 1
981 2 1 1 0 0 16 1 84 1
1021 2 1 1 0 0 14 0 88 1
1057 2 1 0 1 0 18 1 62 2
1074 2 2 1 0 0 15 1 86 2
1122 2 1 1 0 0 14 1 77 2
1257 1 1 0 0 0 18 1 85 3
221 1 1 0 0 0 18 1 68 3
222 1 1 0 0 0 18 1 86 2
223 2 1 0 0 0 18 1 78 1
324 2 1 0 0 0 14 1 76 2
448 1 1 0 0 0 17 1 86 2
553 1 1 1 0 0 18 1 85 1
572 1 1 0 0 0 14 1 79 2
602 1 1 0 0 0 17 1 71 1
610 1 1 0 0 0 20 1 79 1
814 2 1 0 0 0 16 1 71 3
929 1 1 0 0 0 14 1 82 3
1224 1 1 0 0 0 16 1 82 2
1341 2 1 0 0 0 12 0 72 3
484 1 1 0 0 1 18 1 71 1
498 1 1 0 0 0 12 1 71 1
547 1 1 0 0 0 12 1 76 3
653 2 1 0 0 0 12 1 73 3
675 2 1 0 0 0 18 0 79 2
681 2 1 0 0 0 19 1 77 1
731 1 1 0 0 0 18 1 71 1
1130 2 1 0 0 0 18 1 72 2
41 2 1 0 0 0 14 1 71 2
68 2 1 0 0 0 12 0 75 1
70 1 2 0 0 0 14 1 74 1
101 1 1 0 0 0 18 0 74 2
128 2 1 1 0 0 20 0 65 2
249 2 1 0 0 0 16 1 72 2
293 1 1 0 0 0 12 1 88 2
316 1 1 0 0 0 16 1 81 3
344 1 1 0 0 0 13 1 79 2
414 2 1 1 0 0 18 1 80 2
698 1 1 0 0 0 18 1 74 2
1206 1 2 0 0 0 14 1 73 1
1222 2 1 1 0 0 16 0 74 1
1248 2 1 0 0 0 12 1 80 3
1304 2 1 0 0 0 8 1 75 3
1339 2 1 0 0 0 13 1 80 3
751 1 1 0 0 0 16 1 71 1
842 1 1 0 0 0 18 0 73 1
862 2 1 1 0 0 12 1 73 1
1030 1 1 0 0 0 20 0 67 2
1199 1 2 0 0 0 13 1 59 2
1334 1 1 0 0 0 15 1 65 3
1354 2 1 0 0 0 16 0 59 3
67 1 1 0 0 0 17 1 75 1
161 1 1 0 0 0 20 1 80 2
419 1 2 0 0 0 16 1 70 1
420 1 2 0 0 0 19 0 74 1
422 1 2 0 0 0 20 0 62 2
472 1 1 0 0 0 20 1 72 1
786 1 2 0 0 0 19 1 74 3
829 2 2 1 0 0 15 1 65 3
904 1 1 0 0 0 16 1 85 2
2 1 2 0 0 0 16 1 74 1
3 1 1 0 0 0 18 1 81 3
5 1 1 0 0 0 16 1 74 1
8 2 2 1 0 0 18 1 84 1
10 2 1 0 0 0 12 1 74 3
16 1 1 0 0 0 9 1 65 1
21 2 1 0 1 0 18 1 72 1
22 1 1 0 1 0 17 0 63 1
23 1 1 1 0 0 14 1 71 1
53 1 1 0 0 0 12 1 80 3
168 1 2 0 0 0 13 1 90 2
183 2 1 1 0 0 14 0 73 3
241 1 1 1 0 0 16 1 82 2
326 1 1 0 0 0 16 1 77 2
362 2 1 0 0 0 16 1 71 2
856 1 2 0 0 0 13 0 60 2
861 1 1 0 0 0 16 1 87 2
1080 1 2 0 0 0 19 1 82 2
1282 2 1 0 0 0 12 1 77 2
634 1 1 1 0 0 20 1 82 2
637 2 1 0 1 0 16 1 76 1
689 1 1 0 0 0 12 1 64 3
712 1 1 0 0 0 16 1 77 3
720 2 1 0 1 0 14 1 77 3
803 2 1 1 0 0 12 0 85 3
917 1 1 0 1 0 10 1 71 2
932 1 1 0 0 0 16 1 75 2
1009 1 1 0 0 0 16 1 76 1
1033 2 1 1 0 0 18 0 74 2
1133 2 1 0 1 0 20 1 80 1
1165 1 1 0 0 0 19 0 82 2
1175 1 1 0 0 0 13 1 73 2
1212 2 1 0 0 0 16 1 76 1
1292 1 1 0 0 0 16 1 77 2
1321 1 1 0 0 0 20 1 84 2
240 1 1 0 0 0 16 1 89 2
325 2 1 1 0 0 18 1 71 2
502 1 1 0 1 0 18 1 75 1
575 2 1 0 0 0 17 1 86 1
592 1 1 0 0 0 19 1 79 3
699 1 1 0 0 0 16 1 82 3
860 1 1 1 0 0 16 1 85 2
996 2 1 1 0 0 16 0 92 3
1035 1 1 1 0 0 20 0 88 1
1120 2 1 1 0 0 20 0 78 2
1161 1 1 0 0 1 16 1 80 3
1186 1 1 1 0 0 12 1 84 2
1205 1 1 0 0 0 19 1 84 3
1275 2 1 1 0 0 20 0 79 2
1276 2 1 0 0 1 14 0 72 1
169 2 1 0 0 0 16 0 72 2
328 1 1 0 0 0 17 1 77 3
356 1 1 0 0 0 16 1 80 3
519 1 1 0 0 0 16 1 74 1
520 2 1 0 0 0 16 0 78 1
548 2 1 1 0 0 12 1 74 1
557 1 1 0 0 0 20 1 72 2
558 1 1 1 0 0 19 0 80 1
563 1 1 0 0 0 18 1 81 2
658 1 1 0 0 0 18 1 72 2
1095 2 1 1 0 0 12 1 81 3
354 1 1 0 0 1 16 1 76 2
359 2 1 1 0 0 14 0 82 1
538 1 1 0 0 1 16 1 83 1
590 2 1 0 0 0 18 1 78 2
702 1 1 0 0 0 16 1 85 2
769 1 2 0 0 0 18 0 62 2
1028 2 1 0 0 0 7 1 77 2
1092 1 1 0 0 0 16 1 75 2
1117 2 1 0 0 0 18 1 70 2
1121 2 1 0 0 0 18 1 57 2
1138 1 1 0 0 0 12 1 68 2
1149 1 1 0 0 1 20 0 85 2
1263 2 1 0 0 0 12 1 65 3
1326 1 1 0 0 0 18 1 67 2
43 1 1 0 0 0 16 1 77 1
55 1 1 0 0 0 20 1 76 1
57 1 1 0 0 0 20 1 78 2
80 1 1 0 0 0 18 1 86 2
87 1 1 0 0 0 14 1 76 2
103 1 1 1 0 0 18 1 88 2
142 1 1 1 0 0 14 1 80 2
155 1 1 0 0 0 16 1 81 2
286 1 1 0 0 0 16 1 66 3
335 2 1 1 0 0 14 1 84 3
369 1 1 0 0 0 18 1 76 1
406 1 1 0 0 0 11 1 78 2
425 1 1 0 0 0 20 1 86 1
450 1 1 0 0 0 20 1 69 2
633 1 1 0 0 0 11 1 83 3
682 1 1 0 0 0 16 0 68 3
97 2 1 0 0 1 14 1 73 1
213 1 1 0 0 0 18 1 63 3
883 2 1 0 0 1 16 1 76 1
899 2 1 1 0 0 16 1 80 1
141 1 1 0 0 0 12 1 82 2
159 2 1 0 0 0 16 1 78 1
178 1 1 0 0 0 20 0 65 2
231 1 1 0 0 0 18 1 61 2
273 1 1 0 0 0 12 1 63 2
276 1 2 0 0 0 18 0 71 2
332 1 1 0 0 0 16 1 70 3
337 1 2 0 0 0 18 1 76 1
343 1 1 0 0 0 12 1 72 3
424 1 1 0 0 0 16 1 81 2
626 1 1 0 0 0 16 1 83 2
642 1 1 0 0 0 16 1 85 3
647 1 1 0 0 0 16 1 73 1
753 1 1 0 0 0 16 1 65 3
984 1 1 0 0 0 14 1 77 1
1109 2 1 0 0 0 17 1 78 3
4 1 1 0 0 0 10 0 67 2
7 1 1 0 0 0 10 1 75 3
14 2 1 0 1 0 12 1 78 1
44 2 1 0 0 0 16 0 86 2
66 1 1 0 0 0 18 0 75 1
96 1 2 0 0 0 19 1 80 1
130 1 1 0 0 0 16 1 74 1
219 1 1 0 0 0 4 1 75 3
543 2 1 0 0 0 18 1 72 3
544 2 1 1 0 0 12 1 77 2
750 2 2 0 1 0 12 1 76 2
924 1 1 0 0 0 12 1 69 2
961 1 1 0 0 0 16 1 74 2
1097 1 1 0 0 0 18 1 74 2
1351 2 1 0 0 0 12 1 72 2
1366 1 1 0 0 0 4 1 74 2
1394 1 1 0 0 0 18 1 77 2
30 2 1 0 0 0 19 1 80 2
31 2 1 1 0 0 18 1 77 1
42 1 1 0 0 0 17 1 73 2
58 1 2 0 0 0 16 0 71 1
61 2 1 1 0 0 13 1 78 1
78 2 1 0 0 0 18 0 77 3
81 1 1 0 0 0 18 1 71 1
83 1 2 0 0 0 17 1 74 3
84 2 1 0 0 0 14 1 76 3
93 2 1 1 0 0 16 1 78 3
126 2 1 0 1 0 14 0 78 2
139 2 1 0 0 0 13 1 66 3
217 2 1 0 0 0 18 1 84 2
331 2 1 0 0 0 13 1 65 2
376 1 1 0 0 0 15 1 71 2
388 1 1 0 0 0 15 1 71 2
604 1 1 0 0 0 14 1 87 2
613 2 1 1 0 0 11 1 84 2
625 1 1 0 0 0 6 1 76 2
855 1 2 0 0 0 12 1 75 2
887 2 1 0 0 0 8 0 73 2
916 1 1 0 0 0 16 1 80 3
926 2 1 0 0 0 16 1 71 1
963 1 1 0 0 0 16 1 72 1
1046 1 1 0 0 0 20 1 71 2
1104 2 1 0 0 0 12 1 65 2
1190 2 1 0 0 0 13 1 77 1
1247 2 1 0 0 0 9 0 73 2
1262 2 1 0 1 0 12 1 73 3
1289 2 1 1 0 0 12 1 78 3
1306 2 1 0 0 0 14 0 75 1
985 1 1 1 0 0 14 1 81 1
1063 2 1 1 0 0 18 1 78 1
1171 1 1 0 0 0 12 1 72 3
1307 2 1 0 0 0 13 1 76 3
1393 1 2 1 0 0 18 1 83 2
74 1 1 0 0 0 20 1 79 1
116 1 1 0 0 0 18 0 79 2
118 1 1 0 0 0 20 1 81 1
120 1 1 0 0 0 20 0 72 1
179 1 1 1 0 0 16 1 81 2
256 1 1 0 0 0 20 1 70 2
307 1 1 0 0 0 19 0 79 2
403 1 1 0 0 0 16 1 77 1
404 2 1 0 0 0 14 0 88 3
408 1 1 0 0 0 20 1 82 2
417 1 1 0 0 0 16 1 80 2
461 1 1 0 0 0 19 1 80 2
485 1 2 0 1 0 16 1 65 2
644 1 1 0 0 0 14 1 75 2
835 1 1 0 0 0 14 1 73 2
1045 2 1 0 0 0 14 1 82 2
1081 1 1 0 0 0 20 1 85 3
1082 2 1 0 0 0 13 1 70 3
1213 2 1 0 0 0 16 1 75 2
1254 1 1 0 0 0 11 1 85 3
1277 1 1 1 0 0 11 0 87 2
1385 2 1 0 0 0 12 0 70 3
1387 1 1 0 0 0 20 1 86 2
824 2 1 0 0 0 13 1 76 1
836 1 1 0 0 0 16 1 83 3
843 1 1 0 0 0 16 1 70 1
845 1 1 0 0 0 16 1 80 1
866 2 1 1 0 0 13 1 80 1
871 1 1 0 0 0 16 1 69 2
878 1 1 0 0 0 14 1 72 2
914 1 1 0 0 0 12 1 75 2
999 1 1 0 1 0 12 1 71 3
1038 1 1 0 0 0 20 1 84 2
1056 2 1 0 0 0 13 0 72 3
1073 2 1 0 0 0 18 1 66 2
1184 2 1 0 0 0 16 1 65 3
1215 1 1 0 0 0 16 1 79 2
1218 2 1 0 0 0 16 1 86 2
1318 2 1 0 0 0 18 1 83 2
1384 1 1 0 0 0 16 1 72 2
294 1 2 0 0 0 16 1 80 2
321 1 1 0 0 0 18 1 69 3
351 1 2 0 0 0 18 1 69 2
554 1 1 0 0 0 14 1 72 3
568 2 1 0 0 0 16 1 80 2
618 1 1 0 0 0 16 0 75 1
821 1 1 0 0 0 14 1 79 2
830 1 1 0 0 0 16 1 71 2
867 1 1 0 0 0 16 1 72 2
1066 1 1 0 0 0 13 1 73 2
1209 2 1 0 0 0 18 1 72 3
95 1 1 0 0 0 12 1 72 1
147 2 1 0 0 0 18 1 60 3
187 1 1 0 0 0 16 0 78 2
214 1 1 0 0 0 20 0 65 2
400 1 1 0 0 0 18 1 69 3
479 2 1 0 0 0 20 1 74 1
677 1 1 0 0 0 18 0 71 1
718 2 1 1 0 0 18 1 80 2
978 1 1 0 0 0 12 0 73 2
1037 1 2 0 0 0 19 1 73 3
1101 2 1 0 0 0 12 1 72 3
1169 2 1 0 0 1 18 1 73 1
511 1 1 0 0 0 14 1 58 2
513 1 1 0 0 0 18 1 69 2
514 1 1 0 0 0 20 1 81 2
516 1 1 0 0 0 15 1 88 1
567 1 2 0 0 0 16 1 74 2
723 1 1 0 0 0 12 1 79 2
724 1 1 0 0 0 20 1 79 3
725 1 1 0 0 0 20 1 81 2
733 2 1 0 0 0 14 1 57 3
734 1 1 0 0 0 18 1 73 1
739 1 1 0 0 0 15 0 83 2
741 2 1 0 1 0 18 1 80 1
889 2 1 0 0 1 16 1 72 3
906 2 1 1 0 0 12 1 65 2
920 2 1 0 0 0 12 0 80 1
922 1 1 0 0 0 12 0 68 2
923 1 1 0 0 0 14 1 83 1
1016 2 1 1 0 0 13 1 78 1
1086 1 2 0 0 0 20 0 82 1
1098 2 1 0 0 0 15 1 73 1
1116 1 1 0 0 0 18 1 84 2
1279 2 1 0 0 0 16 1 69 2
1281 2 1 0 0 0 16 1 78 3
1283 1 1 0 0 0 16 1 60 3
1284 1 1 0 0 0 16 1 86 2
1285 2 1 0 0 0 18 1 80 3
1308 1 1 0 0 0 14 1 80 3
1309 2 1 0 0 0 16 1 70 2
33 1 1 0 0 0 20 1 84 2
48 1 2 0 0 0 14 1 79 1
156 1 1 0 0 0 17 1 75 1
204 2 2 0 1 0 16 1 72 2
292 1 1 0 0 0 16 1 77 2
341 1 1 0 0 0 16 1 74 3
555 1 1 0 0 0 16 1 78 1
997 2 1 0 0 0 20 1 81 2
576 1 1 1 0 0 14 1 78 1
577 2 1 0 0 0 12 1 73 3
656 1 1 0 0 0 13 1 83 2
672 2 1 0 0 0 12 0 62 1
673 1 1 0 0 0 16 1 78 2
748 1 1 0 0 0 16 1 79 2
759 2 1 1 0 0 12 0 82 3
760 2 1 0 0 0 12 1 69 3
813 1 1 0 0 0 16 1 73 1
869 2 1 0 0 0 16 1 83 2
945 1 1 0 0 0 12 1 72 2
1001 1 1 0 0 0 14 1 69 3
1023 2 1 0 0 0 18 1 78 1
1135 1 1 0 0 0 14 0 76 2
1240 2 1 0 0 0 16 0 67 2
150 1 1 0 0 0 12 1 74 2
182 2 1 0 0 0 12 1 64 2
303 1 1 0 0 0 16 1 85 1
327 1 1 0 1 0 16 1 70 1
377 1 2 0 0 0 16 1 80 2
454 2 1 0 0 0 13 1 82 1
467 2 1 0 0 0 12 1 81 1
501 1 1 0 0 0 13 1 78 2
539 1 1 0 0 0 20 1 74 2
552 2 1 0 0 0 19 0 60 2
566 1 2 0 0 0 20 1 79 2
588 1 1 0 0 0 14 0 65 2
627 2 1 0 0 0 12 1 59 3
1078 1 1 0 0 0 16 1 71 2
1225 1 1 0 0 0 20 1 77 2
1421 2 2 1 0 0 12 1 74 2
125 1 1 0 0 0 20 1 74 1
262 1 1 0 0 0 14 1 86 1
282 1 1 0 0 0 20 1 72 2
314 1 1 0 0 0 19 1 72 2
407 1 1 0 1 0 18 0 74 2
446 1 1 0 1 0 11 0 89 2
549 1 1 0 0 1 14 0 69 2
598 1 1 0 0 0 20 1 72 2
679 1 1 0 0 0 18 1 63 2
721 1 1 0 0 0 20 0 66 2
898 2 2 0 0 0 12 1 83 1
1002 2 1 0 0 0 18 1 77 1
1010 1 1 0 0 0 20 1 75 2
1260 1 1 0 0 0 16 0 72 2
1368 2 1 0 1 0 18 1 76 3
1391 1 1 0 0 0 12 1 85 3
1411 1 1 0 0 0 17 1 74 2
1412 1 1 0 0 0 16 0 59 2
1420 2 1 1 0 0 16 1 81 2
1423 1 1 0 0 0 19 1 69 2
1425 2 1 0 1 0 16 1 75 2
1435 1 1 0 0 0 12 1 82 3
1040 1 1 0 0 0 11 1 71 2
1072 2 1 0 0 0 13 0 60 2
1123 2 2 0 1 0 16 1 76 1
1296 1 1 0 0 0 12 1 77 3
1331 2 1 0 0 0 11 1 77 2
1338 1 2 0 0 0 13 1 85 2
671 2 1 0 0 0 12 1 61 2
951 1 1 0 0 0 18 1 85 1
952 2 1 0 0 0 13 1 81 2
989 2 1 0 0 0 16 1 64 2
1054 1 1 0 0 0 10 1 71 2
1168 2 1 0 1 0 16 1 82 2
1250 2 1 0 0 0 10 1 74 1
1251 2 1 0 1 0 13 0 75 1
1346 1 1 0 0 0 12 1 73 2
1352 1 1 0 0 0 16 1 86 2
389 2 1 0 0 0 16 0 72 2
507 2 1 0 0 0 18 1 55 2
621 2 1 0 0 0 16 1 62 2
919 1 1 0 0 0 18 0 63 2
1044 1 1 0 0 0 13 1 66 3
464 1 1 0 0 0 16 1 83 2
474 2 1 0 0 0 16 1 78 3
643 2 1 0 0 0 15 1 71 1
779 1 1 1 0 0 13 1 79 1
818 2 1 0 0 0 10 1 74 1
839 2 1 1 0 0 9 0 79 2
934 2 2 0 0 0 10 1 70 1
941 2 1 0 0 0 14 1 73 2
957 1 1 0 1 0 9 1 74 2
1007 1 1 0 0 0 17 1 72 2
1217 2 1 0 0 0 16 0 68 2
1265 2 1 0 1 0 8 1 83 2
1269 1 1 0 0 0 20 0 74 2
1371 1 1 0 0 0 10 1 85 3
1373 1 1 0 0 0 20 1 76 3
1379 1 1 0 0 0 8 1 88 3
535 1 1 0 0 0 15 1 77 3
578 2 1 1 0 0 14 1 77 1
690 1 1 0 0 0 20 1 80 3
730 2 1 0 0 0 14 1 71 3
768 1 1 0 0 0 14 1 77 1
793 1 1 0 0 0 20 1 69 3
1099 2 1 1 0 0 15 1 80 1
1182 2 1 0 0 0 18 1 77 2
1294 1 1 0 0 0 10 1 80 2
1299 1 1 0 0 0 14 1 72 2
19 2 1 0 1 0 18 1 74 1
29 1 1 0 0 0 18 1 64 3
38 1 1 0 0 0 12 1 77 2
45 1 1 0 0 1 18 1 87 2
56 2 1 1 0 0 13 1 70 1
59 2 1 1 0 0 13 1 71 1
76 1 1 0 0 0 12 1 79 3
77 1 1 0 0 0 18 1 80 2
98 2 1 0 1 0 16 1 85 2
110 2 1 1 0 0 10 1 83 3
176 1 1 0 0 0 19 1 75 2
177 2 1 0 0 1 14 1 75 1
243 2 1 0 0 0 15 1 68 2
257 2 1 0 0 1 6 1 79 1
284 2 1 0 0 0 10 1 77 2
290 1 1 0 0 0 16 1 75 2
336 1 1 0 0 0 17 1 76 2
607 2 1 1 0 0 14 1 79 2
812 2 1 0 0 0 14 1 72 3
828 2 1 1 0 0 16 1 78 3
1185 1 2 0 0 0 16 1 63 3
1253 2 1 0 0 0 14 1 63 3
109 2 1 0 0 0 16 1 71 3
127 1 1 0 0 0 17 1 71 1
210 2 1 0 0 0 13 1 73 1
401 1 1 0 0 0 17 0 64 2
442 1 1 0 0 0 16 1 75 2
473 1 1 0 0 0 18 0 73 1
476 2 1 0 0 0 14 0 76 2
802 2 1 1 0 0 8 0 81 2
872 1 1 0 0 0 17 1 70 2
1075 1 1 0 0 0 18 1 68 2
1191 1 1 0 0 0 16 1 79 1
315 1 1 0 0 0 16 1 72 1
1211 1 2 1 0 0 14 1 87 2
1380 1 1 0 0 0 12 1 85 2
89 1 1 0 0 0 20 0 66 1
311 2 1 0 0 0 16 1 78 1
312 1 1 0 0 0 20 1 83 1
386 2 1 0 0 0 13 1 73 1
445 1 1 0 0 0 20 0 55 2
518 1 2 0 0 0 20 1 70 2
565 1 2 0 0 0 14 1 75 3
746 2 1 0 0 0 18 1 74 2
909 2 1 0 1 0 18 1 69 2
1357 1 1 0 0 0 18 1 71 2
363 2 1 0 0 0 17 1 72 1
469 2 2 0 0 0 18 1 79 2
640 2 1 1 0 0 20 0 73 1
641 1 1 0 0 0 14 1 74 2
761 1 1 0 0 1 17 1 71 1
832 1 1 0 0 0 19 1 79 2
928 2 1 0 0 0 20 0 83 2
1079 1 1 0 0 0 18 1 79 3
1119 1 1 0 0 0 18 1 77 2
1377 1 1 0 0 0 16 1 83 3
434 1 1 0 0 0 20 0 72 2
489 2 1 0 1 0 12 1 74 1
526 2 1 1 0 0 7 1 85 1
531 2 2 0 0 0 18 1 74 2
692 2 2 1 0 0 19 0 77 1
711 1 1 0 0 0 18 1 77 1
921 1 1 0 0 0 19 1 71 2
1015 1 1 0 0 0 18 0 58 2
1027 2 1 0 0 0 12 0 69 3
1090 1 1 0 0 0 16 0 72 3
1102 2 1 0 0 0 16 0 73 3
1164 2 1 0 0 0 16 0 70 3
1188 2 1 0 0 0 18 1 82 2
1293 1 1 0 0 0 16 1 77 2
1314 2 1 1 0 0 16 1 81 2
1330 1 1 0 0 0 12 0 62 2
1397 2 2 0 0 0 18 1 55 3
1398 2 1 0 0 0 16 0 78 2
1402 1 1 0 0 0 20 0 70 3
1417 1 2 0 0 0 12 0 63 2
149 1 1 0 0 0 16 1 88 3
160 1 1 0 0 0 16 1 76 2
171 2 1 0 0 0 17 1 79 1
172 2 1 0 0 0 18 1 71 1
269 1 1 0 0 0 16 1 67 2
667 1 1 0 0 0 20 0 69 2
896 1 1 0 0 0 16 1 77 1
40 1 1 0 0 0 18 1 74 1
51 1 1 0 0 0 18 1 67 2
54 2 1 0 0 0 20 1 82 2
60 1 1 0 0 0 20 1 71 2
90 1 1 0 0 0 20 1 70 1
111 2 1 0 0 0 16 1 76 2
291 1 1 0 1 0 16 1 80 2
352 2 1 0 0 0 14 1 77 1
372 1 1 0 0 0 20 1 79 3
470 2 1 0 0 0 13 0 87 3
492 1 1 0 0 0 18 1 88 3
533 2 1 1 0 0 12 1 81 1
534 1 1 0 0 0 18 1 63 1
551 1 1 0 0 0 16 1 64 2
880 1 1 0 0 0 13 1 84 2
958 1 1 0 0 0 16 1 64 2
1034 1 1 0 0 0 18 1 76 2
1144 1 1 0 0 0 13 1 78 3
6 2 1 0 0 0 13 1 80 2
15 1 1 0 0 0 18 1 81 1
35 1 1 0 0 0 18 1 77 1
47 1 1 0 0 0 20 1 85 1
69 1 1 0 0 1 16 1 73 1
190 1 1 0 0 0 18 1 79 3
296 1 1 0 0 0 10 1 79 2
743 1 1 0 0 0 14 1 86 3
747 1 1 0 0 0 18 1 72 3
892 2 1 0 1 0 12 1 74 2
930 1 1 0 0 0 16 1 75 2
995 2 1 0 0 0 12 1 79 3
1062 1 1 0 0 0 12 1 83 3
1113 2 1 0 1 0 12 1 80 3
1154 1 1 0 0 0 18 1 77 3
1286 2 2 0 1 0 19 0 76 1
777 2 1 0 1 0 7 1 75 3
876 2 1 0 0 0 16 1 76 1
950 1 1 0 0 0 17 1 74 2
967 1 1 0 1 0 20 1 78 1
1013 1 1 0 0 1 20 1 79 1
1014 2 1 1 0 0 15 1 85 1
1114 2 1 1 0 0 12 1 79 2
1157 2 1 0 0 0 12 1 85 3
1183 1 1 0 0 0 16 1 81 2
1192 2 1 1 0 0 14 1 70 3
1343 1 1 0 1 0 13 1 65 2
166 2 1 0 0 0 18 1 73 1
173 1 1 0 0 0 18 1 74 1
228 2 1 1 0 0 10 0 81 3
374 2 1 0 0 0 15 1 76 3
378 2 1 0 0 0 16 1 69 2
410 2 1 0 1 0 16 1 62 2
416 2 1 0 0 0 14 1 73 1
458 2 1 1 0 0 11 1 83 2
601 2 1 0 0 1 16 0 77 1
979 1 1 0 0 0 18 1 86 3
1103 1 1 0 0 0 18 1 84 2
1106 2 1 1 0 0 18 1 75 2
1118 1 1 0 0 0 12 1 83 2
360 1 1 0 0 0 18 1 73 1
361 1 1 0 0 0 17 1 75 2
370 2 1 0 0 0 16 1 75 3
382 2 1 0 0 0 20 1 76 1
392 2 1 0 0 0 17 1 85 3
487 1 1 0 0 0 20 1 77 3
648 2 1 1 0 0 14 1 71 1
649 1 1 0 0 0 20 1 87 2
657 2 1 0 0 0 13 1 78 1
752 2 1 1 0 0 16 1 82 2
834 1 1 0 0 0 13 1 64 2
890 2 2 0 0 0 14 1 60 2
1083 2 2 0 0 0 16 1 73 3
1232 2 1 0 0 0 12 1 73 1
1243 1 1 0 0 0 17 1 78 2
1249 2 1 0 0 0 15 1 71 1
1271 1 1 0 0 0 16 1 72 2
1315 2 1 1 0 0 14 1 84 2
1322 2 1 0 0 1 12 1 72 2
1350 2 1 0 0 0 18 1 72 2
50 1 2 0 0 0 16 1 77 2
72 1 1 0 1 0 16 0 71 1
88 1 1 0 0 0 8 1 66 3
91 1 1 0 0 0 20 1 63 3
94 2 1 0 0 0 14 1 71 3
106 2 1 1 0 0 15 1 74 1
108 1 1 0 0 0 18 1 79 2
113 1 1 0 0 0 20 1 76 1
162 1 1 0 0 0 18 1 72 3
298 1 1 0 0 0 14 1 77 1
390 1 2 0 0 0 16 0 81 2
1300 2 2 0 0 0 12 1 74 2
405 1 1 0 0 0 7 1 76 1
506 2 1 1 0 0 10 1 72 1
605 2 1 0 0 0 16 1 76 1
606 2 1 0 0 0 10 1 69 3
680 1 1 0 0 0 8 1 78 1
708 1 1 0 0 0 16 1 76 2
709 1 1 1 0 0 8 1 84 2
784 2 1 0 0 0 16 1 76 3
865 1 1 0 0 0 10 1 73 2
891 2 1 0 0 0 12 1 79 3
1077 1 1 0 0 0 15 1 84 2
1187 1 1 0 0 0 12 1 77 2
1221 1 1 0 0 0 6 1 72 3
1340 2 1 0 0 1 20 1 83 2
112 1 1 0 0 0 18 1 71 2
259 1 1 0 0 0 20 1 71 1
260 2 1 0 0 0 13 1 79 1
393 2 1 1 0 0 16 1 86 2
394 2 1 0 0 0 12 1 84 2
397 1 1 0 0 0 14 1 75 2
431 1 1 0 0 0 12 1 84 3
622 2 1 0 1 0 15 1 75 1
684 2 1 0 0 0 20 1 77 1
754 2 1 0 0 0 14 1 67 3
844 2 1 1 0 0 12 1 85 3
925 1 1 0 0 0 12 1 74 2
1032 1 1 0 0 0 18 1 85 2
1140 1 1 0 0 0 18 1 85 2
1210 1 1 0 0 0 17 1 75 2
1382 1 2 0 0 0 16 1 65 3
1419 1 1 0 0 0 17 1 78 2
1427 2 1 1 0 0 12 1 69 2
135 2 1 1 0 0 18 1 83 2
138 1 1 0 0 0 16 0 87 2
167 1 1 0 0 0 16 1 77 3
188 1 1 0 0 0 16 1 87 2
200 1 1 0 0 0 16 1 62 2
205 2 1 0 0 0 18 1 67 2
216 1 1 1 0 0 16 1 85 3
225 2 1 1 0 0 17 1 83 2
227 2 1 0 0 0 12 1 80 2
229 2 1 0 0 0 16 1 75 1
230 1 1 0 0 0 20 1 80 1
245 2 1 0 0 0 10 1 74 1
258 2 1 1 0 0 14 1 72 2
266 1 1 0 0 0 20 1 86 3
272 2 1 0 0 0 19 1 71 1
310 1 1 0 0 0 16 1 83 3
500 1 1 0 0 1 14 1 78 1
517 1 1 0 0 0 20 1 82 3
522 1 1 0 0 0 17 1 70 1
528 2 1 0 0 0 13 0 71 3
545 1 1 0 0 0 19 1 72 1
608 2 1 0 0 0 20 1 69 2
611 2 1 1 0 0 16 0 72 2
715 2 1 0 1 0 13 1 80 2
740 1 1 0 0 0 15 1 72 3
770 1 1 0 0 0 19 1 71 2
863 1 1 0 0 0 15 0 79 1
947 2 1 0 0 0 13 0 82 2
1043 1 1 0 0 0 16 1 69 2
1088 1 1 0 0 0 18 1 89 2
1148 2 1 1 0 0 14 1 70 2
1242 2 1 0 0 0 19 1 72 1
1406 2 1 0 0 0 18 0 61 2
1407 2 1 0 1 0 16 1 75 2
1408 1 1 0 0 0 16 1 71 2
1409 1 1 0 1 0 15 1 66 3
1430 2 1 1 0 0 12 1 83 3
778 1 1 0 0 0 13 1 72 1
1204 1 1 0 0 0 17 0 78 2
1246 1 1 0 0 0 14 1 73 2
102 2 1 0 0 0 20 1 71 2
232 1 1 0 0 0 20 1 78 1
285 1 1 0 0 0 10 0 66 2
289 1 1 0 0 0 16 0 68 2
423 1 1 0 0 0 20 1 80 2
449 2 2 0 0 0 14 1 67 2
505 1 1 0 0 0 16 0 80 2
783 2 1 0 0 0 18 1 79 2
886 2 1 0 0 0 15 0 71 1
956 2 1 0 0 0 7 0 64 3
969 1 1 0 0 0 18 0 70 1
1200 1 1 0 0 0 16 1 85 1
1201 2 1 0 0 1 16 1 76 3
1290 2 1 1 0 0 8 0 80 3
1337 1 2 0 0 0 16 1 72 3
123 1 1 0 0 0 20 0 74 1
319 2 1 0 0 0 16 1 71 1
384 1 1 0 0 0 16 1 80 2
409 1 1 0 0 0 12 1 79 2
436 1 1 0 0 0 12 1 85 1
441 2 1 0 0 0 16 1 73 1
457 2 1 0 0 1 12 1 83 3
497 1 1 0 0 0 12 1 76 3
1301 2 1 0 0 0 18 1 73 1
1389 1 2 0 0 0 18 1 76 2
339 1 1 0 0 0 14 0 85 2
987 2 1 0 0 0 18 0 79 2
433 2 1 0 0 0 14 1 86 1
488 2 1 0 1 0 16 0 71 1
493 1 1 1 0 0 20 1 78 1
525 2 1 0 0 0 16 0 70 1
629 1 1 0 0 0 20 0 71 2
638 1 1 0 0 0 17 1 83 2
727 2 1 0 0 0 12 1 69 2
771 2 2 0 1 0 19 1 74 2
792 1 1 0 0 0 16 1 73 2
912 2 1 1 0 0 18 1 74 2
913 2 1 0 0 0 15 1 57 2
1031 2 1 0 1 0 18 1 77 2
1055 1 1 1 0 0 15 1 85 3
1170 1 1 0 1 0 13 0 74 3
86 2 1 1 0 0 18 1 81 1
107 2 1 0 0 0 19 0 61 2
184 2 1 1 0 0 14 1 79 1
186 2 1 0 0 0 16 1 81 1
194 2 1 1 0 0 12 1 81 3
195 1 1 0 0 0 18 1 80 2
196 2 1 1 0 0 18 1 78 1
299 2 1 0 0 1 20 1 89 3
300 1 1 0 0 0 16 1 57 3
426 1 1 0 0 0 16 1 80 3
429 1 1 0 0 0 12 0 63 2
579 2 1 0 0 0 18 1 65 2
695 1 1 0 0 0 16 1 74 2
873 2 1 0 0 0 14 1 78 2
874 2 1 0 0 0 16 1 66 2
1227 2 1 0 0 0 12 1 65 2
158 2 1 0 0 0 13 1 81 2
283 1 1 0 0 0 12 1 79 1
301 2 1 0 0 0 13 1 74 1
366 2 2 0 1 0 20 1 57 3
438 1 1 0 0 0 11 1 82 3
443 1 1 0 0 0 18 0 63 2
459 1 1 0 0 1 16 1 73 1
481 1 1 0 1 0 18 1 85 2
631 1 1 0 0 0 14 1 77 2
668 1 1 0 0 0 12 1 73 2
669 1 1 0 0 0 13 0 64 2
686 1 1 0 0 0 20 1 72 1
722 1 1 0 0 0 12 1 70 2
796 1 1 0 0 0 14 1 80 3
800 1 1 0 0 0 12 1 74 2
825 1 1 0 0 0 12 1 87 2
841 2 1 0 0 0 16 0 77 3
972 1 1 0 0 0 16 1 78 1
973 1 1 0 0 0 20 1 77 2
994 2 1 0 0 0 18 1 56 2
1041 1 1 0 0 0 18 1 72 3
1414 1 1 0 0 0 18 1 74 2
1426 1 1 0 0 0 18 1 83 2
696 2 1 0 0 0 12 1 74 3
697 1 1 0 0 0 17 1 87 2
717 1 1 0 0 0 12 1 76 1
726 1 1 0 0 0 17 1 81 1
767 2 1 0 0 1 17 1 73 1
790 2 1 0 0 0 14 1 83 3
810 1 1 1 0 0 16 1 83 1
851 2 1 0 0 0 12 1 72 2
852 2 1 0 0 1 18 1 84 3
853 1 1 0 0 0 16 1 87 3
982 2 1 0 1 0 16 1 80 2
1004 2 1 1 0 0 12 1 74 2
1024 1 1 0 0 0 12 1 68 3
1051 2 1 0 0 0 16 1 76 2
1052 2 1 0 0 0 8 1 69 2
1094 1 1 0 0 0 20 1 77 1
1137 2 1 0 0 0 18 1 82 3
1152 2 1 0 0 0 8 1 72 3
1231 2 2 1 0 0 12 1 84 2
1244 1 1 0 0 0 14 1 79 2
1245 2 1 0 0 0 14 0 72 2
1255 2 2 1 0 0 16 0 77 2
1378 2 1 0 1 0 18 0 62 2
1194 1 1 0 0 0 18 1 85 1
1195 1 1 0 0 0 20 1 77 1
1197 2 2 0 0 0 20 1 83 1
1202 1 1 0 0 0 18 0 78 1
1203 1 1 0 0 0 15 1 84 1
1295 1 1 0 0 0 16 1 77 2
1311 1 1 0 0 0 12 1 69 2
1363 2 1 1 0 0 12 1 70 2
